20576
7589589146 7603055514 1828.73
738815334 7603055514 1307.1
738813565 7603055514 815.64
738813238 7603055514 829.04
7162770672 7603055514 1040.79
738814459 738814496 367.58
738813771 7824915632 974.03
738813975 7824915632 1051.82
7608990478 7824915645 681.35
738815717 7824915645 416.03
738815870 7824915645 1834.35
738813733 7824915645 2440.29
7603055514 738813565 815.64
738813781 738813565 879.84
7824856485 738814459 703.2
738814496 738814459 367.58
738815106 738814459 1029.29
7824915632 738813771 974.03
7824915645 738815717 416.03
738814463 738815717 624.1
738815717 8237661952 1761.38
738815870 8237661953 1591.28
738813733 8237661953 1495.23
444395014 8237661954 1688.15
738813593 8237661954 1241.92
7617390946 8237661954 323.42
738814284 8237661954 145.43
7617390947 8237661954 695.27
7617390955 8237661954 1389.31
7617390956 8237661954 2200.58
8237661956 738814284 1774.8
8237661955 738814284 1213.15
8237661954 738814284 145.43
8237661953 738814284 967.25
8237661952 738815717 1761.38
8237661951 738815717 1846.67
7589589146 5561070622 734.99
738815334 5561070622 919.42
738813565 738815474 775.66
738813238 738815474 1233.52
7162770672 738815474 1726.08
738814459 738814627 1382.54
738813771 738814627 1854.01
738813975 738814627 2184.47
738814627 738814459 1382.54
738815662 738814459 1277.76
8205232247 738813565 1374.91
738815474 738813565 775.66
5561070622 7589589146 734.99
8259365871 7589589146 920.84
738814587 7589589146 1526.1
738813615 7589589146 2060.56
738813955 7589589146 2486.67
7589589146 5362040321 1117.37
738815334 5362040321 983.57
738813565 5362040321 1076.97
738813238 5362040321 1585.65
7162770672 5362040321 2078.21
481837251 7589589146 2136.53
7132790440 7589589146 1777.22
738814872 7589589146 1080.74
5362040321 7589589146 1117.37
738815124 738813565 1193.78
738813580 738813565 1747.75
8739945246 738813771 2333.3
7589589146 738815407 985.45
738815334 738813565 555.75
738813565 8775195821 282.58
738813238 8775195821 386.38
7162770672 738813238 538.59
738814459 738813238 1776.69
738815407 7589589146 985.45
738813565 738815334 555.75
8775195821 738813565 282.58
738813238 7162770672 538.59
8213181379 7162770672 573.46
446044211 7162770672 1346.09
446044163 7162770672 2164.93
738815334 738814817 914.63
738813565 738814817 381.49
738813238 7821883016 90.0
7162770672 7821883016 628.6
738814459 738814817 1837.75
8741080082 7162770672 2181.02
738813235 7162770672 1336.56
446044220 7162770672 712.94
7821883016 738813238 90.0
738814817 738813565 381.49
738814750 738813565 561.81
7589589146 738815373 1577.62
738815334 738815373 1851.04
738813565 4292651591 1920.94
738813238 4292651591 2305.03
5485662135 7589589146 1836.55
738815373 7589589146 1577.62
4292651591 7589589146 1564.8
4292785590 7589589146 1884.06
7589589146 4448611389 1267.0
738815334 4448611389 1679.01
738813565 4448611389 1644.9
738813238 738815169 2067.81
738814459 738815169 2137.11
3887711843 7589589146 1942.9
738815169 7589589146 1544.16
4448611389 7589589146 1267.0
738814459 738814010 1383.42
738813771 8349461378 526.24
738813975 8349461378 338.79
7608990478 8349461378 684.21
738815717 8349461378 1484.89
8751624830 738813771 2121.17
8751624831 7608990478 2046.39
446044133 738813771 1089.06
8349461377 738813771 715.5
8349461376 738813771 807.75
8349461378 738813975 338.79
8205232237 738813975 520.05
8751624832 738813975 685.97
738814010 738813975 1117.87
738814494 738814459 1287.76
8751624833 738814459 2236.88
7162770672 738813681 2411.5
738814459 7824915632 1317.37
738813771 738813975 330.46
738813975 8349461379 130.2
7608990478 8349461379 575.16
738815717 8349461379 1375.84
8751624853 738814459 2200.57
738813681 738814459 1319.22
7824915633 738813975 705.9
738813975 738813771 330.46
8349461379 738813975 130.2
8349461380 738813771 653.12
446044131 738813771 801.5
8751624854 738813771 1097.1
8751624855 7608990478 2125.57
8751624856 738813771 2133.25
738815717 738813733 2053.03
738815870 738813733 605.94
738813733 444395014 352.68
444395014 738813733 352.68
738813593 444395014 541.34
7617390946 738814284 399.43
738814284 7617390946 399.43
7617390947 738814284 549.85
7617390955 8236303241 518.17
7617390956 8236289492 726.71
7617390957 8236289502 896.7
7617390958 8236289502 1738.47
7617390959 8236303317 925.86
6695986187 8236303317 288.29
738813591 444395014 1965.28
738813332 444395014 1823.02
8236289508 738813733 1297.43
7617390955 7617390947 655.54
8236303241 7617390955 518.17
8236289492 7617390956 726.71
8236289502 7617390957 896.7
8236303281 7617390957 1099.46
8236303297 6695986187 907.05
8236303305 6695986187 483.71
8236303317 6695986187 288.29
8237141705 6695986187 832.76
8237141707 6695986187 1412.28
8237141695 6695986187 1789.93
6832637185 6695986187 2460.2
738815717 8755733285 1876.56
738815870 8755733285 617.01
738813733 8755733285 439.25
444395014 738814410 74.7
738813593 8755733284 106.06
7617390946 8755733283 183.7
738814284 7622910383 48.93
7617390947 7622910382 134.28
7617390955 7622910381 0.35
7617390956 8755733281 747.1
7617390957 8755733280 860.44
7617390958 8755733280 1702.21
7617390959 8755733277 866.05
6695986187 8755733277 228.48
8755733273 6695986187 2434.78
8755733274 6695986187 1679.2
8755733275 6695986187 1377.33
8755733276 6695986187 808.49
8755733277 6695986187 228.48
8755733278 6695986187 554.4
8755733279 7617390957 1265.96
8755733280 7617390957 860.44
8755733281 7617390956 747.1
8755733282 7617390955 435.55
7622910381 7617390955 0.35
7622910382 7617390947 134.28
7622910383 738814284 48.93
8755733283 738814284 178.78
8755733284 738813593 106.06
444394999 738813593 342.4
444394790 738813593 1255.5
738814410 444395014 74.7
8755733285 738813733 439.25
8755733286 444395014 1529.1
738814467 444395014 2066.84
738813565 738815407 731.28
738814459 738813467 1006.81
738813771 7824915634 675.78
738813975 7824915634 474.07
7608990478 7824915634 521.85
738815717 8757875252 441.21
738815870 8757875252 1476.14
738813733 8757875252 2360.12
8757875250 738814459 1469.55
8757875251 738814459 1828.63
7824915634 738813975 474.07
7608990478 738813975 529.76
738815717 7608990478 816.97
8757875252 738815717 441.21
738814480 738815717 941.49
738814080 738815717 1298.32
8757875253 738815717 1902.19
738814544 738815717 2335.35
738813898 7162770672 590.13
738815214 7162770672 1079.44
738814363 7162770672 1588.93
738813467 738814459 1006.81
7589589146 7825858603 941.87
738815334 738813683 335.96
738813565 738813683 453.1
7162770672 7821883015 313.0
738814459 738813427 1328.12
738813771 8205232237 626.45
738813975 8205232237 520.05
7608990478 738815806 262.14
738815717 7629327424 209.64
738815870 738814705 1581.7
738813733 738814705 2449.99
446044156 738814459 1876.09
446044160 738814459 1430.08
8757875257 7162770672 1620.31
738815117 7162770672 1400.07
738813833 7162770672 653.15
7821883015 7162770672 313.0
738814448 738813565 335.21
738813683 738813565 453.1
7825858603 738815334 382.06
8757875261 738815717 2490.91
738813355 738815717 1513.24
8757875262 738815717 1423.25
738815785 738815717 954.34
738814705 738815717 580.27
7629327424 738815717 209.64
738814514 738815717 418.66
738815806 7608990478 262.14
738813427 738814459 1328.12
738813565 738814309 2238.27
738813238 738814309 1569.13
7162770672 738814309 1484.45
738814459 738813509 844.65
738815717 8766627150 476.01
738815870 8766627150 2038.79
7617390959 8766627156 2358.21
6695986187 8766627156 1535.61
738814309 7162770672 1484.45
738813777 738814459 1322.41
738813509 738814459 844.65
8766627150 738815717 476.01
738814536 738815717 1186.48
738813514 738815717 1555.35
738813690 738815717 1818.01
8766627152 6695986187 2340.39
8766627153 6695986187 2172.77
8766627154 6695986187 1965.83
5485775799 6695986187 1785.47
8766627155 6695986187 1821.85
8766627156 6695986187 1535.61
8766627157 6695986187 2257.58
738813565 738814039 2232.34
738813238 738814039 1563.2
7162770672 738814039 1478.52
738814459 8766627164 471.21
738813771 738815825 129.31
738813975 738814370 289.57
738815717 738814514 418.66
738815870 738814398 1949.6
7617390958 8766627160 2404.03
7617390959 8766627160 2116.25
6695986187 2545040560 1725.82
8766627159 6695986187 2219.68
8766627160 6695986187 1384.55
8766627161 6695986187 1731.4
738815378 6695986187 1872.38
2545040560 6695986187 1725.82
738813535 6695986187 1569.24
738815665 6695986187 2197.28
8766627162 6695986187 2330.99
4914822521 7617390957 2403.38
738815716 738815717 1894.37
738814515 738815717 1538.48
738814870 738815717 1246.46
738814398 738815717 386.82
738814370 738813975 289.57
738815825 738813771 129.31
738815382 738813771 601.53
8766627164 738814459 471.21
8766627165 738814459 1030.07
738814039 7162770672 1478.52
7589589146 7821910475 596.54
738815334 738814833 4.71
738814459 7821883016 1720.49
738814833 738815334 4.71
7821910475 7589589146 596.54
738815164 7589589146 1167.34
7589589146 8772715681 387.0
738815218 7589589146 1371.49
8772715681 7589589146 387.0
7589589146 738815334 538.19
738814459 738813696 309.24
738815870 7629327423 227.21
738813733 7629327423 228.21
738813593 738814410 564.65
7617390946 738813826 367.89
7617390956 7622885213 23.54
7617390957 7622885212 3.72
7617390958 7622858413 221.98
7617390959 7622858412 504.82
6695986187 7622858412 563.33
6695986187 7617390959 637.59
7622858412 7617390959 504.82
7622858413 7617390958 221.98
7622885212 7617390957 3.72
7622885213 7617390956 23.54
738813826 738814284 199.4
7622915971 7617390946 1040.15
738813335 7617390946 674.68
738813831 444395014 400.35
7629327423 738815870 227.21
738815707 738815870 603.64
738813696 738814459 309.24
738814459 8813408795 2046.5
738813771 8813408794 1416.54
738813975 8813408794 1086.08
7608990478 8813408793 1134.95
738815717 7056032822 1108.47
738815870 7056032822 1176.92
738813733 7056032822 1861.38
444395014 7056032822 2075.05
738813593 8813408792 2278.78
7617390946 738813645 2107.27
738814284 738813341 2311.14
7617390947 738814575 1972.33
7617390955 8813408790 2031.99
7617390956 8813408789 2045.22
7617390957 7617390960 2223.15
7617390958 7617390960 1359.16
7617390959 7617390960 456.94
6695986187 7617390960 393.04
7617390960 6695986187 393.04
8813408787 6695986187 1272.96
8813408788 7617390957 1996.16
8813408789 7617390956 2045.22
8813408790 7617390955 2031.99
738814575 7617390947 1972.33
738813341 7617390947 2386.7
738813645 738815870 1580.95
8813408792 738815870 960.82
7056032822 738815870 1176.92
8813408793 738815717 1353.41
8813408794 7608990478 1078.07
8813408795 738813975 2148.18
738813232 738814459 2325.59
738814459 8813408798 2391.92
738813771 738815257 1496.96
738813975 738815257 1166.51
7608990478 738815257 1158.5
738815717 5485887885 662.71
738815870 738814593 935.11
738813733 738814593 1795.06
444395014 738814593 2008.73
738813593 8813408799 2367.6
7617390946 8813408800 2182.14
738814284 738815858 2294.54
7617390947 738815858 2185.88
7617390955 8813408801 2127.38
7617390956 738815462 2031.51
7617390958 6695986187 2357.72
7617390959 6695986187 637.59
6695986187 8813408803 363.14
8813408798 738813975 1729.8
738815257 7608990478 1158.5
5485887885 738815717 662.71
738814593 738815870 935.11
8813408799 738815717 1210.19
8813408800 738815717 1766.57
738815858 7617390947 2185.88
8813408801 7617390955 2127.38
738815462 7617390956 2031.51
8813408802 7617390957 2231.68
7298159285 6695986187 1295.25
8813408803 6695986187 363.14
738814284 738813826 199.4
7617390947 738815036 286.17
7617390955 738815036 613.38
7617390956 8821681977 641.24
7617390957 8821681978 582.93
7617390958 8821681978 508.19
738813552 738814284 777.17
738815502 7617390947 695.01
738815036 7617390947 286.17
8821681976 7617390955 682.66
8821681977 7617390956 641.24
8821681978 7617390957 582.93
7617390958 7617390959 902.22
7617390959 7617390958 902.22
738813730 6695986187 1976.71
738813565 8822946769 922.37
738813238 8807115915 1038.85
7162770672 8807115915 793.77
738813771 8766627164 1254.25
738813975 8766627164 1584.72
7608990478 8766627164 2114.47
738813884 738814459 591.81
8807115915 738814459 886.91
738815889 738813565 871.36
5061383221 738813565 987.15
8822946769 7589589146 1324.45
7589589146 738813822 1376.41
738815334 738815312 1215.34
738813565 738815565 1118.5
738813238 7824856485 1433.9
7162770672 7824856485 1120.07
8822946814 7589589146 2273.94
738813822 7589589146 1376.41
738815312 738813565 1273.36
1008753034 738813565 1231.93
738815565 738814459 1173.32
8822946815 738814459 561.42
7617390946 8829926856 416.65
738814284 8829926856 158.2
7617390947 738813809 272.03
7617390955 738813809 653.02
7617390956 8829926854 618.15
7617390957 8829926853 821.87
7617390959 8808907343 467.28
8829926852 6695986187 1998.55
8808907343 7617390959 467.28
8829926853 7617390957 821.87
8829926854 7617390956 618.15
8829926855 7617390955 1144.29
738813809 7617390947 272.03
738815210 7617390947 531.41
738813563 738814284 747.47
8829926856 738814284 158.2
7617390957 4914822521 2403.38
7589589146 5061374323 1768.03
738815334 5061374323 1962.27
738813565 5061374323 2055.66
738814459 738815423 2100.89
738813771 5061374324 1518.63
738813975 738813601 1301.89
7608990478 738813601 788.42
738815717 738813601 487.57
738813593 444394999 342.4
7617390946 444394999 965.77
738814284 444394999 1716.4
7617390947 444394999 2266.24
4017540901 7589589146 2213.49
5061374323 7589589146 1768.03
7185567066 7589589146 1920.32
738815423 738813771 1367.36
738813348 738813771 1434.9
5061374324 7608990478 1635.68
738813601 738815717 487.57
444394994 738813593 1431.09
444394979 738813593 1811.95
8770675677 738813593 2244.68
738815334 8835043629 304.14
738813565 8835043629 859.89
738813238 738813697 960.61
7162770672 738813697 883.84
738815870 8813408799 1049.63
738813733 8813408799 1734.09
444395014 8813408799 1947.76
7617390957 738815462 1793.18
8835043628 7589589146 1400.28
8835043629 738815334 304.14
738813697 738813238 960.61
738814313 7162770672 1378.8
7056039274 7162770672 1995.9
7056039272 7162770672 2147.91
8807115914 7162770672 2494.25
738814519 738814459 1995.43
738813564 738814459 2100.13
738815334 738813579 307.31
738813565 738813579 863.06
738813238 738814139 894.5
7162770672 738814139 1178.92
738814459 738815658 2201.66
7617390957 8813408789 1806.89
738815658 738814459 2201.66
8835043633 738814459 1995.46
8236303222 7162770672 2414.57
7056039276 7162770672 2232.51
7056039273 7162770672 2013.63
738815660 738813238 1444.36
738814139 738813238 894.5
738813579 738815334 307.31
738814962 7589589146 1356.87
7589589146 738815776 2308.91
738815334 738815776 1879.82
738813565 738815776 1922.04
738814459 738813877 2050.02
738813771 738815809 1386.28
738813975 7824915645 1194.81
738813733 8939177165 301.1
738813593 444394790 1255.5
7617390946 444394790 1741.73
738814284 444394790 2492.36
8770739156 738813593 2144.12
738814455 738813593 1677.47
444394809 738813593 1371.21
8939177165 738813733 301.1
738815809 738813771 1386.28
738813665 738813771 1400.88
738813877 738813771 1487.31
738815143 738813565 1947.41
738815776 738813565 1922.04
8836623314 7589589146 2153.18
7589589146 7825858601 166.3
738815334 7825858603 382.06
738813238 738815334 1104.94
7162770672 738815334 1643.54
7825858601 7589589146 166.3
8837631356 7589589146 909.86
738814946 7589589146 1138.96
4539039489 7589589146 1464.66
8837631358 738813771 2442.73
738814445 738813771 1528.69
738815334 7825858601 704.49
738813565 5561070622 1012.82
738813238 7825858601 1809.43
7162770672 5561070622 2047.44
738813973 738813771 1521.38
446044145 738813771 2220.25
738814524 7589589146 1112.67
738813975 8838269678 2284.03
7608990478 8838269678 1872.79
738815717 8838269678 1192.55
738815870 8833070425 1368.74
738813733 8833070423 881.82
444395014 8833070423 1212.51
738813593 8833070423 2460.8
7617390946 8838269680 2145.29
738814284 8838269680 1754.49
7617390947 5485707984 1269.02
7617390955 5485707984 952.06
7617390957 8838269685 343.03
7617390958 8838269685 500.32
6695986187 8808907343 600.86
8833070419 444395014 2213.1
8833070421 444395014 1687.35
8833070423 738813733 881.82
8833070425 738815870 1368.74
8838269678 738815870 538.47
8838269679 738815870 1156.82
8838269680 738814284 1754.49
8838269681 7617390947 1578.03
8838269682 7617390955 1584.21
8838269683 7617390956 1570.05
5485707984 7617390955 952.06
8838269684 7617390957 544.18
8838269685 7617390957 343.03
8838269686 7617390959 349.69
8838269687 7617390959 878.26
8838269688 6695986187 1143.6
8838269689 6695986187 1674.72
8838269690 7617390959 1739.41
738813975 8840893887 2247.04
7608990478 8840893887 1835.8
738815717 8840893887 1155.56
738815870 738815707 603.64
738813733 8833070422 911.41
444395014 8833070422 1242.1
738813593 8833070422 2490.39
7617390946 8840893885 2150.08
738814284 8840893885 1759.27
7617390947 8755733281 1358.72
7617390955 8755733281 1041.76
7617390957 8840893881 311.69
7617390959 8840893880 372.42
6695986187 8840893879 1235.31
8840893877 6695986187 1550.73
8840893878 6695986187 1192.03
8840893879 7617390959 834.64
8840893880 7617390959 372.42
8840893881 7617390957 311.69
8840893882 7617390957 600.35
738815286 7617390955 1273.34
8841276448 7617390956 1572.14
8840893883 7617390955 1569.47
8840893884 7617390947 1588.44
8840893885 738814284 1759.27
8840893886 738815870 1167.35
8840893887 738815870 534.13
8833070424 738815870 1347.26
8833070422 738813733 911.41
8833070420 444395014 1705.12
8833070418 444395014 2240.19
738813733 8845983484 1512.31
444395014 8845983484 1167.95
738813593 8845983484 1099.71
7617390946 444394994 2110.2
8845983482 444395014 2431.13
8845983483 444395014 1612.02
8845983484 738813593 1099.71
738813238 8846358774 2190.66
7162770672 8846358774 2162.22
8846358774 7162770672 2162.22
738813733 8846689642 1586.59
444395014 8846689642 1242.23
738813593 8846689642 1157.47
7617390946 444394809 2050.32
738814284 444394809 2456.35
8846689642 738813593 1157.47
8846689643 738813593 2150.51
738815870 738813593 2067.04
738813733 738813593 1658.7
444395014 738813593 541.34
738815870 8755733284 1960.97
738813733 8755733284 1552.64
444395014 444394999 441.97
738814459 738815806 2212.73
738813771 738815806 772.11
738813975 738815806 441.66
8349461381 7608990478 678.73
738815643 7608990478 1077.13
738815019 7608990478 1521.76
8853934327 7608990478 1991.82
738814459 7608990478 2300.83
738813771 7608990478 860.22
738813975 7608990478 529.76
7608990478 738815674 756.86
8856174810 7608990478 2045.58
8856174811 7608990478 1544.5
8856174812 7608990478 1042.63
738815674 7608990478 756.86
7617390956 8865361294 2167.11
7617390957 8865361294 1829.26
7617390958 8755733277 2288.95
8865361291 6695986187 2322.44
8865361292 6695986187 1792.19
8865361293 6695986187 1389.08
8865361294 6695986187 1615.13
8865361295 6695986187 2070.54
7617390956 8865361304 2165.66
7617390957 8865361305 1923.89
7617390958 8236303317 2388.03
8865361302 6695986187 2491.18
8865361303 6695986187 2204.31
8865361304 6695986187 1893.14
8865361305 6695986187 1336.11
8865361306 6695986187 766.73
8865361307 6695986187 1775.04
8865361308 6695986187 2296.17
738813565 1008753034 1231.93
738813238 1008753034 1564.97
7162770672 1008753034 1914.62
738814459 1008752617 1282.35
7617390946 8813408799 2309.36
7617390955 738815462 2470.9
7617390957 8236303297 1904.43
6695986187 8236303305 483.71
1008752617 738814459 1282.35
8895529057 738815717 1109.0
8895529059 7617390956 2331.64
8895529060 6695986187 1795.81
8895529061 6695986187 1671.01
8895529062 6695986187 1428.89
738813565 738814833 560.46
738813238 738814833 1109.66
7162770672 738814833 1648.25
738814459 738813333 710.63
738813771 738813333 1043.65
738813975 738813333 1374.12
7608990478 738813333 1903.87
8895558432 738814459 817.15
738813333 738814459 710.63
738813618 738813771 1247.83
8209169359 738813565 453.45
738815334 5462421044 364.62
738814459 8895558433 759.94
738813771 8895558433 964.49
738813975 8895558433 1294.95
7608990478 8895558438 1641.59
738815717 8895558438 2442.27
5462421044 738813565 458.02
8895558436 738813565 757.55
8895558437 738813771 1437.19
8895558433 738814459 759.94
8895558438 738814459 957.38
738813771 738815658 2160.25
738813975 738815658 2388.04
7608990478 738815658 2435.82
7162770672 8807115914 2494.25
738814459 8895558476 1964.03
8895558476 738814459 1964.03
7589589146 738815678 1334.51
738815334 5061383221 1072.56
738813565 5061383221 987.15
738813238 5061383221 1320.18
7162770672 5061383221 1669.84
738815717 8770739205 163.35
738814284 738813645 2153.32
7617390947 738813645 2228.89
7617390955 8813408789 2395.77
7617390957 4914822621 1799.84
4914822621 6695986187 1385.76
8895739838 6695986187 1675.39
8895739839 6695986187 1856.21
8895739840 7617390956 2316.44
738815734 738815717 1899.69
8770739205 738815717 163.35
738815678 7589589146 1334.51
738813771 738814593 2310.45
738813975 738814593 1980.0
7608990478 738814593 1568.76
738815717 738814593 888.52
7617390959 8766627154 2408.5
6695986187 8766627154 1965.83
8898755900 7617390955 2257.11
8898755904 6695986187 2003.69
738813238 8895558438 2492.96
7162770672 8895558438 2154.26
738814459 8895558438 957.38
738813771 8900275036 495.17
738813975 8900275036 825.63
7608990478 8900275036 1355.39
738815717 8349461377 2097.95
8900275036 738813771 495.17
738813238 8895558432 2352.74
7162770672 8895558432 2014.03
738814459 8895558432 817.15
738813771 8900275037 385.76
738813975 8900275037 716.22
7608990478 8900275037 1245.98
738815717 8751624854 2413.74
8900275037 738813771 385.76
738813771 7056032822 2273.15
738813975 7056032822 1942.69
7608990478 7056032822 1656.45
7617390955 738814575 1942.21
7617390959 738813535 2011.91
6695986187 738813535 1569.24
5059727803 7617390955 2190.37
7617390956 7617390957 767.75
7617390957 7617390956 767.75
5485775798 6695986187 1766.0
738813771 738813355 2144.37
738813975 738813355 2471.78
7608990478 738813355 1846.08
738815717 8757875262 1423.25
738815870 738815734 2063.68
738813733 738815734 2168.14
738813593 738815036 2248.5
7617390946 738815036 1273.94
738814284 738815036 874.52
7617390958 8808907344 394.89
7617390959 8808907344 960.32
6695986187 8808907344 2364.43
738815788 7617390947 1156.17
8808907344 7617390958 394.89
8808907345 7617390958 1299.31
8903312053 7617390958 2220.72
738813771 738813861 2076.29
738813975 738813861 2403.7
7608990478 738813861 1836.67
738815717 738814870 1246.46
738815870 738813341 2032.41
738813733 738813341 2136.87
444395014 738813341 2350.54
738813593 738813809 2234.36
7617390946 738813809 1259.79
738814284 738813809 860.37
7617390958 8808913252 361.52
7617390959 8808913252 1024.17
6695986187 8808913252 2428.28
8808913251 7617390958 1100.51
8808913252 7617390958 361.52
8903312065 7617390947 1090.39
8903312081 738815717 1687.24
8903312082 738815717 1444.74
738813861 738815717 1503.83
8903312083 738815717 1743.27
738815870 738813831 949.14
738813733 738813831 733.01
444395014 738813831 400.35
2545040669 6695986187 1823.59
738814459 8766627165 1030.07
738813771 738813681 1737.23
738813975 738813681 1815.02
7608990478 738813681 2152.24
738814459 738815106 1029.29
738813771 738815106 1944.87
738813975 8757875250 2193.25
7589589146 5485662135 1836.55
738815334 5485662135 2248.56
738813565 5485662135 2325.45
7589589146 7132790440 1777.22
738813771 738815423 1367.36
738813975 738813348 1765.37
7608990478 738813348 2295.12
738815717 8751624855 2193.97
738814528 7589589146 1260.42
3146565103 7589589146 1660.28
8923111206 738813565 1588.33
738815783 738813565 1899.68
738813226 738815717 2399.08
8923111207 6695986187 2085.29
8923111208 6695986187 2139.15
738813238 8822946769 1430.53
7162770672 8822946769 1923.08
738813771 738813877 1487.31
738813975 738813665 1731.34
7608990478 8751624831 2046.39
738815717 8751624831 2229.05
7617390959 2545040560 2380.6
8925798720 6695986187 2051.17
8925798721 6695986187 1984.72
738813910 738815717 2194.43
6257442385 738813565 1682.37
8925798722 7589589146 470.44
7589589146 738813955 2486.67
7589589146 481837251 2136.53
738813238 4448611389 2134.26
738814459 4251886989 2316.68
738813771 4251886989 2341.94
4251886989 738813771 2341.94
7589589146 738815771 932.2
738815334 738815771 953.95
738813565 738815771 897.77
738813238 738815771 1492.93
7162770672 738815771 1989.12
738815771 7589589146 932.2
6206929385 738813565 1703.19
7162770672 738814302 1362.11
738814459 7824856485 703.2
738813771 7824856485 2002.85
738813975 8919736461 2173.95
738814302 738814459 1180.88
8919736461 738814459 1450.24
738813975 8813408799 2480.89
7608990478 8813408799 1967.42
738815717 8813408799 1210.19
738813733 738814410 419.06
7617390946 738814410 1553.64
738814284 738814410 1894.92
7617390956 8813408801 2164.76
7617390957 8813408802 2231.68
7608990478 8813408792 1996.81
738815717 8813408792 1239.57
738815870 444394752 122.81
444395014 444394752 1032.8
7617390946 444395014 1478.94
738814284 444395014 1820.22
7617390947 738813341 2386.7
7617390956 8813408790 2069.37
7617390957 8813408788 1996.16
444394752 738815870 122.81
738813565 738815889 871.36
738814459 738815089 1028.27
738813771 8766627165 1945.65
738813975 8919736462 2149.22
8919736462 738814459 1425.51
738815089 738814459 1028.27
446044147 738814459 1097.45
7589589146 738814946 1138.96
738815334 738814946 1181.95
738813565 738814946 1275.34
738813238 738814946 1767.16
7162770672 738814946 2259.72
7162770672 738813333 1988.92
7617390959 5485775799 2449.57
6695986187 5485775799 1785.47
8934749280 6695986187 2459.46
738813238 738813509 2380.24
7162770672 738813509 2041.54
7617390946 8939177169 542.88
738814284 8939177169 787.72
7617390947 4504060143 688.05
7617390955 8821681976 682.66
8939177168 7617390946 723.23
8939177169 7617390946 542.88
4504060143 7617390947 688.05
7617390946 8939177171 789.53
738814284 8939177171 846.67
7617390947 8939177170 990.46
7617390955 8829926855 1144.29
8939177170 7617390947 990.46
8939177171 7617390946 789.53
8939177172 738813593 1485.49
7617390956 8821681976 1239.02
7617390957 8943684247 1525.4
7617390958 8943684247 1489.9
7617390959 8943684247 2035.32
8943684247 7617390956 1036.72
8943684249 7617390956 1458.11
8943684251 7617390955 2163.74
7617390957 8829926854 1106.82
7617390958 8829926854 1674.63
7617390959 8829926854 2242.09
8943684252 7617390955 2182.02
8943684250 7617390956 1823.05
8943684248 7617390956 1041.35
738813733 8939177172 2258.36
444395014 8939177172 1935.17
738813593 8939177172 1485.49
738815870 8939177168 2345.12
738813733 8939177168 1936.79
444395014 8939177168 1304.38
738813593 8939177168 854.7
7589589146 738815565 2050.89
738815334 738815565 1491.08
8990709060 738814459 1519.49
738814321 738814459 1821.52
7617390947 738813552 1032.55
7617390955 8903312065 1246.57
7617390956 8841276448 1572.14
7617390957 8950695176 1710.56
8950695174 7617390955 1227.83
8950695176 7617390956 1781.29
8950695178 7617390957 1861.89
8950695179 7617390957 2307.51
7617390947 8829926856 888.36
7617390955 738815788 1110.54
7617390956 8838269683 1570.05
7617390957 8950695177 1654.05
7617390958 8950695177 2495.82
8950695177 7617390956 1762.15
8950695175 7617390955 1292.79
7824915645 8237661951 1800.39
738814463 8237661951 1404.42
8237661952 738814463 1929.6
8237661951 738814463 1404.42
8237661950 738814463 2074.73
8237661949 738814463 2491.42
7603055514 738815474 861.04
738813781 738815662 664.11
7824856485 738815662 948.75
738814496 738814627 1223.4
738815106 738814627 2222.61
7824915632 738814627 2081.26
738814627 738813781 844.8
738815662 738813781 664.11
8205232247 738813781 972.99
738815474 738813781 872.84
5561070622 738813781 1449.36
8259365871 738813781 1694.2
738814587 738813781 2253.17
7603055514 738815124 1115.77
738813781 738814627 844.8
7824856485 738814627 1110.54
738814872 738813781 1777.61
5362040321 738813781 1158.97
738815124 738813781 864.67
738813580 738813781 1302.81
8739945246 738813781 1709.98
7603055514 8775195821 719.61
7824856485 738813238 1433.9
738814496 738813238 1616.12
738815106 446044211 2079.9
738815407 7603055514 1277.54
8775195821 7603055514 719.61
8213181379 7603055514 1430.94
446044211 738815106 2079.9
446044163 738815106 2179.56
7603055514 738814817 555.55
738813781 738814750 801.74
7824856485 738814817 1176.77
738814496 738814817 1490.43
738815106 446044220 2226.96
8741080082 738815106 2195.65
738813235 738815106 2070.37
446044220 7603055514 1570.42
7821883016 7603055514 748.2
738814817 7603055514 555.55
738814750 7603055514 756.7
7603055514 4292651591 1848.52
738813781 4292651591 1550.52
7824856485 4292651591 1898.74
738814496 4292651591 2164.39
5485662135 738813781 2106.98
738815373 738813781 1713.58
4292651591 738813781 1550.52
4292785590 738813781 1832.17
738815469 738813781 2184.6
7603055514 738815169 1611.3
738813781 738815169 1348.63
7824856485 738815169 1696.85
738814496 738815169 1977.97
738813577 738813781 2180.3
3887711843 738813781 1556.92
738815169 738813781 1348.63
4448611389 738813781 1454.76
738813781 738814010 2497.69
7824856485 738814010 1928.75
738814496 738814010 1610.04
738815106 738814494 1159.86
7824915632 738814010 69.34
7824915645 8349461378 1349.26
738814463 8349461378 1592.87
8751624829 738814463 2255.05
8751624830 738814463 1607.26
8751624831 738814463 1528.35
446044133 738814463 1625.04
8349461377 7824915645 1405.73
8349461376 7824915645 1081.15
8349461378 7824915645 1349.26
8205232237 7824915632 787.72
8751624832 7824915632 733.86
738814010 7824915632 69.34
738814494 7824915632 635.34
8751624833 738815106 1404.53
8751624834 738815106 1781.05
8751624835 738815106 2291.05
7603055514 7824915632 2479.39
738813781 7824915632 2431.64
7824856485 7824915632 1862.7
738814496 7824915632 1543.99
738815106 738813681 849.39
7824915632 7824915633 613.54
7824915645 8349461380 1339.44
738814463 8349461380 1583.05
8751624851 738815106 2283.86
8751624852 738815106 1699.73
8751624853 738815106 1368.23
738813681 7824915632 802.93
7824915632 738815106 1268.81
7824915633 7824915632 613.54
8349461379 7824915645 1240.21
8349461380 7824915645 1339.44
446044131 7824915645 1538.93
8751624854 738814463 1713.05
8751624855 738814463 1493.28
8751624856 738814463 1623.99
8751624857 738814463 2311.57
7824915645 738813733 2440.29
7824915645 8755733285 2263.81
8755733285 7824915645 2263.81
7824856485 738813898 999.61
738814496 738813467 976.73
738815106 738813467 120.5
8757875250 738815106 637.2
8757875251 738815106 996.28
7824915634 7824915632 918.05
8757875252 7824915645 812.33
738814480 738814463 996.58
738814080 738814463 1353.13
8757875253 738814463 1459.94
738814544 738814463 1649.59
738815121 738814463 2122.7
738814565 738814463 2361.66
738814683 738813781 2319.28
738814839 738813781 2221.96
738813898 7824856485 999.61
738815214 738815106 1405.3
738814363 738815106 844.02
738813467 738815106 120.5
738815106 738814496 999.21
7603055514 7821883016 748.2
738813781 7821883016 1097.63
7824856485 738813833 1062.63
738814496 738813833 1424.1
738815106 446044160 542.01
7824915645 738814514 311.42
738814463 738814514 555.02
446044156 738815106 988.03
446044160 738815106 542.01
8757875257 738815106 821.37
738815117 738815106 1330.63
738813833 7824856485 1062.63
7821883015 7603055514 1203.86
738814448 7603055514 782.38
738813683 7603055514 1166.27
7825858603 7603055514 1219.83
998227594 738813781 2357.26
8757875260 738814463 2119.88
8757875261 738814463 1790.21
738813355 738814463 812.55
8757875262 738814463 730.07
738815785 738814463 1009.43
738814705 738814463 1048.57
7629327424 7824915645 395.24
738814514 7824915645 311.42
738815806 7824915645 753.16
738813427 738815106 495.77
7603055514 738814363 1755.64
738813781 738814363 1855.1
7824856485 738815106 1165.52
738814496 738815106 999.21
738815106 738813777 490.07
7824915632 738813509 325.11
7824915645 8766627150 401.64
738814463 8766627150 558.51
738814309 738815106 1762.6
738813777 738815106 490.07
738813509 7824915632 325.11
8766627150 738814463 558.51
738814536 738814463 592.9
738813514 738814463 1253.66
738813690 738814463 1516.32
738815746 738814463 2298.23
7603055514 8766627164 1583.86
738813781 8766627164 1541.58
7824856485 8766627164 967.17
738814496 8766627164 697.83
738815106 8766627165 134.09
7824915632 738815382 846.32
738814463 738814398 647.71
5059731444 738814463 2237.87
738815716 738814463 1592.68
738814515 738814463 1236.79
738814870 738814463 961.76
738814398 7824915645 312.45
738814370 7824915632 1028.16
738815825 7824915632 844.73
738815382 7824915632 846.32
8766627164 738814496 697.83
8766627165 738815106 134.09
738814039 738815106 1756.67
7824856485 7821883016 1377.7
738814496 7821883016 1559.92
738814833 7603055514 1311.81
7821910475 7603055514 1871.9
738815164 738813781 2258.46
738815218 738813781 2295.06
8772715681 7603055514 1900.14
7824856485 738813696 591.56
738814496 738813696 425.25
738815106 738813696 720.07
7824915632 738815825 844.73
738815707 7824915645 1569.06
738813696 738814496 425.25
7824856485 8813408795 2451.51
738814496 8813408795 2285.2
738815106 8813408795 1482.93
7824915632 8813408795 1263.31
7824915645 8813408793 1550.0
738814463 8813408792 1779.95
738813645 738814463 1862.38
8813408792 7824915645 1611.3
7056032822 7824915645 1480.2
8813408793 7824915645 1550.0
8813408794 7824915632 1940.42
8813408795 7824915632 1263.31
738813232 7824915632 1542.4
8813408796 738815106 2398.86
7824856485 8751624853 2336.8
738814496 8751624853 2170.49
738815106 8751624853 1368.23
7824915632 8813408798 1077.84
7824915645 5485887885 1049.97
738814463 8813408799 1779.21
8205232236 738815106 2194.12
738815315 738815106 1700.18
8813408798 7824915632 1077.84
738815257 7824915632 1715.06
5485887885 7824915645 1049.97
738814593 7824915645 1275.77
8813408799 7824915645 1581.91
8813408800 738814463 1934.79
7603055514 738815889 218.56
738813781 738815889 187.09
7824856485 8807115915 395.1
738814496 738813884 561.73
7824915632 8766627164 1123.65
738813884 738815106 437.48
8807115915 7824856485 395.1
738815889 7603055514 218.56
5061383221 738813781 499.78
8822946769 738813781 1083.24
7603055514 738815565 644.3
738813781 738815565 247.39
7824856485 738815565 516.35
738814496 7824856485 381.54
738815106 8822946815 467.87
738813822 738813781 1297.95
738815312 738813781 905.49
1008753034 738813781 573.26
738815565 738813781 247.39
7824856485 738814496 381.54
8822946815 738814496 531.34
7603055514 7185567066 1865.56
738813781 7185567066 1567.56
7824856485 738815423 1954.52
738814496 738815423 2066.78
7824915632 738813601 2212.01
7824915645 738813601 143.81
738814463 738813601 244.77
4017540901 738813781 2165.5
5061374323 738813781 1660.57
7185567066 738813781 1567.56
738814465 738813781 1934.21
738815423 738813781 1682.8
738813348 738814463 2426.31
5061374324 738814463 1177.66
738813601 7824915645 143.81
7603055514 8835043629 1562.41
738813781 8835043629 1637.26
7824856485 8835043629 2183.63
738814496 738813564 2070.05
738815106 738813564 1212.07
8835043628 738813781 2323.85
8835043629 7603055514 1562.41
738813697 7603055514 1789.65
738814313 7603055514 2236.28
8807115914 738815106 2476.94
8835043631 738815106 2072.8
8835043632 738815106 1899.02
738814519 738815106 1107.37
738813564 738815106 1212.07
7603055514 738813579 1565.58
738813781 738813579 1640.44
7824856485 738813579 2186.81
738814496 738815658 2171.58
738815106 738815658 1369.32
738815658 738815106 1369.32
8835043633 738815106 1107.39
7056067374 738815106 1806.68
8236303222 738815106 2200.86
738815660 7603055514 2273.4
738814139 7603055514 1723.54
738813579 7603055514 1565.58
738814962 738813781 2333.02
7603055514 738815776 1818.11
738813781 738815143 1481.09
7824856485 738813877 1903.65
738814496 738813877 2015.92
7824915632 7824915645 2104.94
7824915645 7629327424 395.24
738814463 7824915645 388.58
7824915645 738814463 388.58
738815809 738814463 1242.9
738813665 738814463 1944.07
738813877 738813781 1631.93
738815143 738813781 1481.09
738815776 738813781 1477.09
8836623314 738813781 1993.48
7603055514 7825858603 1219.83
738813781 7825858603 1284.03
7824856485 7825858603 1846.79
738814496 7825858603 2160.45
7825858601 7603055514 2034.16
8837631356 738813781 1370.4
738814946 738813781 1199.23
4539039489 738813781 1292.3
738814445 738814463 1695.5
7603055514 738814524 1249.98
738813781 738814524 1217.34
7824856485 738814524 1794.85
738814496 738814524 2108.51
738813973 738814463 1743.08
446044145 738814463 2490.69
738815820 738813781 1987.67
738814524 738813781 1217.34
7824915645 8838269679 1918.91
738814463 8838269679 1863.31
8833070425 7824915645 1636.24
8838269678 7824915645 1579.81
8838269679 738814463 1863.31
8838269680 738814463 2344.55
7824915645 8840893886 1908.38
738814463 8840893886 1852.78
8840893885 738814463 2358.54
8840893886 738814463 1852.78
8840893887 7824915645 1542.81
8833070424 7824915645 1657.73
738814496 738815806 2439.35
7824915632 8349461381 1541.07
8349461381 7824915645 1290.35
738815643 7824915632 1939.48
738815019 7824915632 2002.35
8853934327 7824915632 2249.56
738815106 8813408796 2398.86
7824915632 738815674 1619.2
8856174810 7824915632 2303.32
8856174811 7824915632 2025.09
8856174812 7824915632 1904.98
738815674 7824915632 1619.2
7603055514 1008753034 952.93
738813781 1008753034 573.26
7824856485 1008752617 1010.34
738814496 1008752617 1123.2
738815106 1008752617 2122.41
7824915632 1008752617 2206.8
1008752617 738813781 741.44
8895529057 738814463 1277.22
7603055514 8209169359 1028.74
738813781 8205232247 972.99
7824856485 738813333 1272.87
738814496 738813333 937.25
7824915632 8895558432 415.53
8895558431 7824915632 1622.24
8895558432 7824915632 415.53
738813333 7824915632 963.3
738813618 738814496 1449.18
8209169359 7603055514 1028.74
7603055514 8895558436 908.41
738813781 8895558436 920.21
7824856485 8895558433 1322.18
738814496 8895558433 986.56
7824915632 8895558438 344.31
7824915645 8895558433 2489.76
5462421044 7603055514 1044.12
8895558436 738813781 920.21
8895558437 7824856485 1628.55
8895558433 7824915632 937.86
8895558438 7824915632 344.31
7824856485 738815658 2337.89
7824915632 738815658 1225.94
7824856485 8895558476 2100.27
738814496 8895558476 1933.95
738815106 8895558476 1131.69
7824915632 8895558476 1565.9
8895558476 738815106 1131.69
7603055514 5061383221 708.14
738813781 5061383221 499.78
7824915645 8770739205 348.94
738815734 738814463 1747.56
8770739205 7824915645 348.94
738815678 738813781 992.92
7824915645 738814593 1275.77
8898755900 738814463 2423.29
7603055514 8895558438 2119.4
738813781 738815382 1960.81
7824856485 8895558438 1502.71
738814496 8895558438 1184.0
7824915645 446044133 1385.11
738814463 446044133 1625.04
8900275036 7824915632 1467.27
7603055514 8895558432 1979.17
738813781 8895558432 1931.42
7824856485 8895558432 1362.49
738814496 8895558432 1043.77
7824915645 8751624854 1493.83
738814463 8751624854 1713.05
8900275037 7824915632 1364.1
7824915645 7056032822 1480.2
5059727803 738814463 2464.82
7824915645 8757875262 1126.04
738814463 8757875262 730.07
7824915645 8903312082 1070.52
738814463 8903312082 674.55
8903312081 738814463 1569.24
8903312082 738814463 674.55
738813861 738814463 803.14
8903312083 738814463 1042.57
7603055514 8757875257 1626.39
738813781 8757875257 1725.85
7824856485 8766627165 1166.3
738814496 8766627165 999.99
7824915632 738813681 802.93
738815106 8757875250 637.2
7824915632 8757875250 1071.41
7603055514 5485662135 2329.98
738813781 5485662135 2106.98
738813781 3146565103 1018.97
7824856485 3146565103 1479.49
7824915632 738815423 2339.46
7824915645 8751624855 1795.25
738814463 8751624855 1493.28
738814528 738813781 1147.56
3146565103 738813781 1018.97
8923111206 738813781 1187.78
738815783 738813781 1499.13
738813226 738814463 1698.39
738814976 738814463 2223.19
7603055514 8822946769 1071.44
738813781 8822946769 1083.24
7824856485 8822946769 1660.75
7824915632 738813877 2459.41
7824915645 8751624831 1830.32
738814463 8751624831 1528.35
738815843 738814463 2363.92
738813910 738814463 1837.37
6257442385 738813781 1281.81
8925798722 738813781 1771.35
7603055514 6257442385 1579.81
738813781 6257442385 1281.81
7824856485 6257442385 1630.03
738814496 6257442385 1895.68
4251886989 738813781 1718.63
7603055514 738815771 1444.02
738813781 6206929385 1302.64
7824856485 6206929385 1650.85
738814496 6206929385 1916.51
738815771 738813781 1489.06
6206929385 738813781 1302.64
7824915632 8919736461 1052.11
738814302 738815106 607.66
8919736461 738815106 617.9
